50
98
59
0165
74
3378
1575
252
6999
8717
5464
2124
27
389
71
9680
3504
2589
1394
71
71
71
4976
71
3099
04
71
836
63
9608
66
71
8198
273
63
5605
069
2057
594
0165
981
8673
713
256
610
2483
6371
6119
630
15
2926
10
3592
798
926
847
646
6062
85
8683
78
0280
94
30
83
900
128
308
6091
248
053
18
3895
207
9604
49
840
002
10
70
1887
251
669
0003
612
0619
05
986
0960
756
30
84
446
205
368
186
1598
90
236
81
1620
OUTPUT:
449
1549
1583
2749
5981
6949
6983
7481
9883
15053
27847
41887
46091
59053
59207
59669
69847
98207
98251
98669
139483
205783
258949
258983
270619
276091
591887
610847
660619
666091
981887
1394251
1394669
2057053
2057669
2483669
2589053
3504251
5940619
6106091
6119053
6119669
7130003
8198669
8360003
24831887
25890619
25898683
35040619
35048683
