100
260181
908301
613186
777458
9603082
404934
2199351
1909378
3373797
8399058
7574911
6252760
1895559
260834
191501
5307012
034236
712768
268465
202866
3079244
5328384
5289078
666176
8407554
90550
7681749
96245
5711777
412154
280385
80841
7872413
8539336
95318
743957
5513137
53799
7568925
3726516
612220
87152
528820
870301
78446
95486
05798
0567350
72902
22351
407742
80334
9313505
75989
3478878
84837
0753000
36134
25242
493989
4231301
55150
877065
9481131
5701831
64628
9751402
140141
3141705
6492083
6953008
483478
2450400
88387
8952804
843353
2650201
4620168
4934072
47045
860671
50900
833801
0941479
44319
0877577
9208682
8909310
9078708
98250
188181
7414333
55584
3192544
9207074
1374847
834125
4941425
656913
84529
1537760
077642
56515055
13044516
91564041
42346
3560688
106792
7082276
4444634
86122138
83757628
39096
3549306
68364507
9528831
3667640
067970
68773
32281
18002390
2486111
8936439
08474
3783830
40037614
653705
438646
34337344
97923
60926030
600267
1125328
2216656
14156
83654
10735873
5706360
70811726
5459045
6608305
76467272
42935
7591836
361078
775268
167723
679381
4494544
732332
732066
4455066
750431
39931
141628
3055203
0930565
69710764
79940
646446
49566
01436195
62611
95722008
619958
254282
16734
075096
92396
729306
651233
80516
84649366
7872009
73797276
12565
78800
158108
25558225
2315942
32381880
949835
0326245
24180578
48654
55724
904844
0032496
85027390
00954
85836
9235972
032711
464008
9979873
000806
974514
263898
2363186
66717
OUTPUT:
5798032711
6462897923
7598966717
8033462611
8452939931
8452968773
9548697923
25242167723
25242750431
26018132281
41215466717
41215497923
44319167723
47045167723
47045750431
57983055203
61222062611
71276832281
74395797923
80334651233
84837032711
95486750431
96245600267
96245651233
96245750431
140141032711
140141600267
140141750431
190937862611
219935162611
245040062611
252429979873
265020162611
280385167723
280385750431
319254466717
361349528831
470452486111
493407297923
528820600267
551503055203
551508936439
579868364507
612220600267
612220679381
646283055203
649208366717
666176600267
729028936439
759899528831
833801167723
845299979873
908301032711
908301679381
920707497923
954867872009
962453055203
975140262611
975140266717
1401418936439
1895559750431
2450400167723
2450400679381
2601819979873
3079244167723
3478878651233
3613468364507
3726516032711
3726516167723
4620168167723
4834789528831
5288209528831
5515010735873
6661767872009
7127688936439
7439577872009
7574911679381
8033410735873
9083012486111
9207074167723
9207074651233
9208682167723
19093787872009
26846510735873
28038591564041
48347891564041
55131373055203
61222068364507
62527608936439
71276810735873
74395768364507
74395791564041
75749117872009
87757791564041
89093102486111
92070749528831
97514028936439
190937891564041
571177791564041
625276091564041
