20
95289
64969
0889826
382102
9783882
967139
56386
9662253
93462
9745787
8363399
9285806
72418
462357
23862
97830
36421
20393
763634
3073793
412672
44632
32117124
203227
71582773
049482
31183704
89927441
481113
126362
7454733
36105578
90730
01480076
73763
5243134
18448
310283
940379
93992678
OUTPUT:
20393310283
20393940379
23862940379
56386203227
64969481113
72418203227
93462203227
97830203227
382102481113
889826310283
889826481113
2039389927441
3821027454733
8363399310283
8363399481113
9662253940379
30737937454733
46235771582773
76363489927441
974578789927441
