100
7895
6721
06
3926
5421
304
324
2576
683
37
184
6883
4836
6995
3650
8273
637
5639
63
632
958
7565
4934
6076
0881
4100
1450
452
6914
710
9621
905
490
452
9103
0452
452
80
935
9964
637
37
8180
6995
73
6056
1123
84
9946
919
4777
4124
2547
5683
206
2624
69
9287
79
8336
7757
6364
66
80
29
452
010
284
920
5864
1438
3701
376
304
761
7134
618
52
3932
548
8399
2464
206
5467
9855
3701
5879
879
233
3428
92
9245
95
3357
452
637
1910
875
7911
73
4693
345
58
8768
228
904
5756
8956
902
2242
96
79
195
42
26
9884
5164
84
51
40
4922
6218
082
6234
816
24
6846
260
040
212
90
38
78
76
289
146
5469
704
9475
35
10
875
20
58
660
924
88
58
4900
72
4798
80
026
188
843
6523
76
566
934
810
494
88
91
3437
50
932
38
15
992
1202
2490
595
42
02
1615
26
4295
5566
02
1092
359
95
9914
35
4488
01
45
7046
26
7550
270
6315
980
72
8029
95
0066
92
6146
365
OUTPUT:
601
691
1051
1091
3701
3701
3779
3779
5279
6301
6359
6379
6679
6691
6991
7351
7351
7901
7951
9551
10289
18401
18451
30491
30491
32401
32479
32491
37691
52289
54851
61879
64693
66359
66523
68351
79843
87991
91951
92051
95801
95891
104693
143879
145091
184843
254791
477791
548843
568391
632843
663437
664693
668029
672151
683843
688379
691451
693437
696523
713491
734693
734693
738029
738029
791191
794693
905843
923437
924551
925469
935359
935843
953437
955469
958289
958843
994691
1848029
3244693
3766523
5683289
6184693
6188029
6721289
6721843
7911359
8755469
8796523
9203437
9353437
9355469
9585469
9586523
25474693
48363437
48366523
54218029
56836523
71346523
