50
7319167
2193387
378657
4269639
809565
7443878
84072
68417
114719
64087
9667412
054083
3933629
60775
82054
209136
3275392
9752510
6266449
8564480
07038
798901
052397
6140988
90228
084346
46974
69879
51549
8417760
4702281
3545653
1047459
75541
5581852
8578402
260456
45148
0078354
54150
19141
34939
512463
827494
938496
7985130
33880
5257023
6851352
8659792
38710327
58040
27430421
3901974
9789215
96405842
72889213
23570704
1276662
97950
35097968
116519
8916258
87706
87014292
90086
50724
59595
28880
5561416
47369
7163747
06786222
7176183
885656
82759
28827
83145496
8900528
22802582
6487486
132231
1699372
914067
93419
854831
84472900
94004
8153698
93502396
5977246
654106
1277172
1358697
008500
329073
931179
4308908
0622082
014700
OUTPUT:
4514828827
5239728827
6077582759
6408728827
7554182759
8205428827
11471947369
34939132231
34939931179
45148329073
54083116519
54150116519
54150854831
64087132231
64087329073
84072116519
469747163747
523977163747
540837163747
614098882759
640877176183
731916782759
744387893419
798513093419
798901329073
827494329073
840727163747
841776047369
856448028827
865979228827
966741247369
3493972889213
3933629132231
3933629854831
5154927430421
6266449931179
7443878914067
8407227430421
8578402931179
8659792914067
9667412914067
9752510854831
26045627430421
39336291358697
52570237163747
61409887163747
74438787163747
426963927430421
525702338710327
841776027430421
